13 10
    -210     -787     -337      900      531      386      571      199      585     -442
      -9     -797     -421       65     -672      515     -306      248      289      -95
     429      142      375     -862     -782      310     -102     -440      754       28
      42       31      339      976      581     -672      613     -691     -386       -2
     383     -730     -681      944     -262      250      962      170      845      520
     509      190     -753     -151      324     -173     -216     -147     -730     -454
     349     -750       53     -701     -293      961     -294        7     -798     -214
     799     -469     -192      625      985     -419       44      914     -399      384
     756     -686     -189      675      224     -813      803     -251      -27     -976
     658      355     -522      848      703     -934      -56     -460     -408       42
     770     -165     -905     -354     -132     -692      388     -668      472     -920
     428     -899      670      -17        7      570     -618      623      272     -194
     986      306     -531     -257      674      -50      649       42     -723     -175