10 10 9
       0        3        7        4        0        5        1        4        4        6
       7        7        1        4        5        7        3        6        8        9
       3        4        7        7        2        8        1        7        0        6
       0        9        7        3        8        4        6        5        5        8
       2        4        4        1        2        1        2        1        5        5
       3        9        7        2        6        4        4        4        5        2
       8        9        1        8        8        3        9        4        8        6
       0        3        1        3        2        1        1        6        4        9
       3        4        4        9        4        5        8        6        9        9
       3        1        4        1        8        0        0        9        9        2